3ef7d8de-f819-4ab2-b4bc-deaefdac506f:
  Survival:
    Location: SMP•108•80•144
    Inventory: 4†e†@w•0@m•108@a•1†@w•1@m•109@a•1†@w•2@m•110@a•1†@w•3@m•111@a•1†@w•4@m•112@a•1†@w•5@m•113@a•1†@w•6@m•114@a•1†@w•7@m•115@a•1†@w•8@m•116@a•1†@w•9@m•117@a•1†@w•10@m•118@a•1†@w•11@m•119@a•1†@w•12@m•120@a•1†@w•13@m•121@a•1†@w•14@m•122@a•1†@w•15@m•123@a•1†@w•16@m•124@a•1†@w•17@m•125@a•1†@w•18@m•126@a•1†@w•19@m•127@a•1†@w•20@m•128@a•1†@w•21@m•129@a•1†@w•22@m•130@a•1†@w•23@m•131@a•1†@w•24@m•132@a•1†@w•25@m•133@a•1†@w•26@m•134@a•1†@w•27@m•135@a•1†@w•28@m•136@a•1†@w•29@m•137@a•1†@w•30@m•138@a•1†@w•31@m•139@a•1†@w•32@m•140@a•1†@w•33@m•141@a•1†@w•34@m•142@a•1†@w•35@m•143@a•1†
    Armor: 4†e†
    Health: 20.0
    Hunger: 17
    EnderChest: 3†e†
  Creative:
    Location: world•-38•73•56
    Inventory: 4†e†
    Armor: 4†e†
    WalkSpeed: 0.20000000298023224
    FlySpeed: 0.20000000298023224
    Health: 20.0
    Hunger: 20
    EnderChest: 3†e†

