3ef7d8de-f819-4ab2-b4bc-deaefdac506f:
    Survival:
      Location: SMP•1•80•36
      Inventory: 4†e†@w•1@m•1@a•1†@w•2@m•2@a•1†@w•3@m•3@a•1†@w•4@m•4@a•1†@w•5@m•5@a•1†@w•6@m•6@a•1†@w•7@m•7@a•1†@w•8@m•8@a•1†@w•9@m•9@a•1†@w•10@m•10@a•1†@w•11@m•11@a•1†@w•12@m•12@a•1†@w•13@m•13@a•1†@w•14@m•14@a•1†@w•15@m•15@a•1†@w•16@m•16@a•1†@w•17@m•17@a•1†@w•18@m•18@a•1†@w•19@m•19@a•1†@w•20@m•20@a•1†@w•21@m•21@a•1†@w•22@m•22@a•1†@w•23@m•23@a•1†@w•24@m•24@a•1†@w•25@m•25@a•1†@w•26@m•26@a•1†@w•27@m•27@a•1†@w•28@m•28@a•1†@w•29@m•29@a•1†@w•30@m•30@a•1†@w•31@m•31@a•1†@w•32@m•32@a•1†@w•33@m•33@a•1†@w•34@m•34@a•1†@w•35@m•35@a•1†
      Armor: 4†e†
      Health: 20.0
      Hunger: 17
      EnderChest: 3†e†
    Creative:
      Location: world•-43•107•67
      Inventory: 4†e†@w•0@m•789@a•1†@w•1@m•789@a•1†@w•2@m•787@a•1†@w•3@m•786@a•1†@w•4@m•758@a•1†@w•5@m•757@a•1†@w•6@m•756@a•1†
      Armor: 4†e†
      WalkSpeed: 0.20000000298023224
      FlySpeed: 0.20000000298023224
      Health: 20.0
      Hunger: 20
      EnderChest: 3†e†
  