3ef7d8de-f819-4ab2-b4bc-deaefdac506f:
  Survival:
    Location: SMP•216•80•252
    Inventory: 4†e†@w•0@m•216@a•1†@w•1@m•217@a•1†@w•2@m•218@a•1†@w•3@m•219@a•1†@w•4@m•220@a•1†@w•5@m•221@a•1†@w•6@m•222@a•1†@w•7@m•223@a•1†@w•8@m•224@a•1†@w•9@m•225@a•1†@w•10@m•226@a•1†@w•11@m•227@a•1†@w•12@m•228@a•1†@w•13@m•229@a•1†@w•14@m•230@a•1†@w•15@m•231@a•1†@w•16@m•232@a•1†@w•17@m•233@a•1†@w•18@m•234@a•1†@w•19@m•235@a•1†@w•20@m•236@a•1†@w•21@m•237@a•1†@w•22@m•238@a•1†@w•23@m•239@a•1†@w•24@m•240@a•1†@w•25@m•241@a•1†@w•26@m•242@a•1†@w•27@m•243@a•1†@w•28@m•244@a•1†@w•29@m•245@a•1†@w•30@m•246@a•1†@w•31@m•247@a•1†@w•32@m•248@a•1†@w•33@m•249@a•1†@w•34@m•250@a•1†@w•35@m•251@a•1†
    Armor: 4†e†
    Health: 20.0
    Hunger: 17
    EnderChest: 3†e†
  Creative:
    Location: world•-38•73•56
    Inventory: 4†e†
    Armor: 4†e†
    WalkSpeed: 0.20000000298023224
    FlySpeed: 0.20000000298023224
    Health: 20.0
    Hunger: 20
    EnderChest: 3†e†

