3ef7d8de-f819-4ab2-b4bc-deaefdac506f:
  Survival:
    Location: SMP•252•80•288
    Inventory: 4†e†@w•0@m•252@a•1†@w•1@m•253@a•1†@w•2@m•254@a•1†@w•3@m•255@a•1†@w•4@m•256@a•1†@w•5@m•257@a•1†@w•6@m•258@a•1†@w•7@m•259@a•1†@w•8@m•260@a•1†@w•9@m•261@a•1†@w•10@m•262@a•1†@w•11@m•263@a•1†@w•12@m•264@a•1†@w•13@m•265@a•1†@w•14@m•266@a•1†@w•15@m•267@a•1†@w•16@m•268@a•1†@w•17@m•269@a•1†@w•18@m•270@a•1†@w•19@m•271@a•1†@w•20@m•272@a•1†@w•21@m•273@a•1†@w•22@m•274@a•1†@w•23@m•275@a•1†@w•24@m•276@a•1†@w•25@m•277@a•1†@w•26@m•278@a•1†@w•27@m•279@a•1†@w•28@m•280@a•1†@w•29@m•281@a•1†@w•30@m•282@a•1†@w•31@m•283@a•1†@w•32@m•284@a•1†@w•33@m•285@a•1†@w•34@m•286@a•1†@w•35@m•287@a•1†
    Armor: 4†e†
    Health: 20.0
    Hunger: 17
    EnderChest: 3†e†
  Creative:
    Location: world•-38•73•56
    Inventory: 4†e†
    Armor: 4†e†
    WalkSpeed: 0.20000000298023224
    FlySpeed: 0.20000000298023224
    Health: 20.0
    Hunger: 20
    EnderChest: 3†e†

