3ef7d8de-f819-4ab2-b4bc-deaefdac506f:
  Survival:
    Location: SMP•288•80•324
    Inventory: 4†e†@w•0@m•288@a•1†@w•1@m•289@a•1†@w•2@m•290@a•1†@w•3@m•291@a•1†@w•4@m•292@a•1†@w•5@m•293@a•1†@w•6@m•294@a•1†@w•7@m•295@a•1†@w•8@m•296@a•1†@w•9@m•297@a•1†@w•10@m•298@a•1†@w•11@m•299@a•1†@w•12@m•300@a•1†@w•13@m•301@a•1†@w•14@m•302@a•1†@w•15@m•303@a•1†@w•16@m•304@a•1†@w•17@m•305@a•1†@w•18@m•306@a•1†@w•19@m•307@a•1†@w•20@m•308@a•1†@w•21@m•309@a•1†@w•22@m•310@a•1†@w•23@m•311@a•1†@w•24@m•312@a•1†@w•25@m•313@a•1†@w•26@m•314@a•1†@w•27@m•315@a•1†@w•28@m•316@a•1†@w•29@m•317@a•1†@w•30@m•318@a•1†@w•31@m•319@a•1†@w•32@m•320@a•1†@w•33@m•321@a•1†@w•34@m•322@a•1†@w•35@m•323@a•1†
    Armor: 4†e†
    Health: 20.0
    Hunger: 17
    EnderChest: 3†e†
  Creative:
    Location: world•-38•73•56
    Inventory: 4†e†
    Armor: 4†e†
    WalkSpeed: 0.20000000298023224
    FlySpeed: 0.20000000298023224
    Health: 20.0
    Hunger: 20
    EnderChest: 3†e†

