3ef7d8de-f819-4ab2-b4bc-deaefdac506f:
  Survival:
    Location: SMP•35•80•72
    Inventory: 4†e†@w•0@m•36@a•1†@w•1@m•37@a•1†@w•2@m•38@a•1†@w•3@m•39@a•1†@w•4@m•40@a•1†@w•5@m•41@a•1†@w•6@m•42@a•1†@w•7@m•43@a•1†@w•8@m•44@a•1†@w•9@m•45@a•1†@w•10@m•46@a•1†@w•11@m•47@a•1†@w•12@m•48@a•1†@w•13@m•49@a•1†@w•14@m•50@a•1†@w•15@m•51@a•1†@w•16@m•52@a•1†@w•17@m•53@a•1†@w•18@m•54@a•1†@w•19@m•55@a•1†@w•20@m•56@a•1†@w•21@m•57@a•1†@w•22@m•58@a•1†@w•23@m•59@a•1†@w•24@m•60@a•1†@w•25@m•61@a•1†@w•26@m•62@a•1†@w•27@m•63@a•1†@w•28@m•64@a•1†@w•29@m•65@a•1†@w•30@m•66@a•1†@w•31@m•67@a•1†@w•32@m•68@a•1†@w•33@m•69@a•1†@w•34@m•70@a•1†@w•35@m•71@a•1†
    Armor: 4†e†
    Health: 20.0
    Hunger: 17
    EnderChest: 3†e†
  Creative:
    Location: world•-38•73•56
    Inventory: 4†e†
    Armor: 4†e†
    WalkSpeed: 0.20000000298023224
    FlySpeed: 0.20000000298023224
    Health: 20.0
    Hunger: 20
    EnderChest: 3†e†

