3ef7d8de-f819-4ab2-b4bc-deaefdac506f:
  Survival:
    Location: survival1•396•100000•432
    Inventory: 4†e†@w•0@m•396@a•1†@w•1@m•397@a•1†@w•2@m•398@a•1†@w•3@m•399@a•1†@w•4@m•400@a•1†@w•5@m•401@a•1†@w•6@m•402@a•1†@w•7@m•403@a•1†@w•8@m•404@a•1†@w•9@m•405@a•1†@w•10@m•406@a•1†@w•11@m•407@a•1†@w•12@m•408@a•1†@w•13@m•409@a•1†@w•14@m•410@a•1†@w•15@m•411@a•1†@w•16@m•412@a•1†@w•17@m•413@a•1†@w•18@m•414@a•1†@w•19@m•415@a•1†@w•20@m•416@a•1†@w•21@m•417@a•1†@w•22@m•418@a•1†@w•23@m•419@a•1†@w•24@m•420@a•1†@w•25@m•421@a•1†@w•26@m•422@a•1†@w•27@m•423@a•1†@w•28@m•424@a•1†@w•29@m•425@a•1†@w•30@m•426@a•1†@w•31@m•427@a•1†@w•32@m•428@a•1†@w•33@m•429@a•1†@w•34@m•430@a•1†@w•35@m•431@a•1†
    Armor: 4†e†
    Health: 20.0
    Hunger: 17
    EnderChest: 3†e†
  Creative:
    Location: world•-32•71•48
    Inventory: 4†e†
    Armor: 4†e†
    WalkSpeed: 0.20000000298023224
    FlySpeed: 0.20000000298023224
    Health: 20.0
    Hunger: 20
    EnderChest: 3†e†

