3ef7d8de-f819-4ab2-b4bc-deaefdac506f:
  Survival:
    Location: survival1•432•100000•468
    Inventory: 4†e†@w•0@m•432@a•1†@w•1@m•433@a•1†@w•2@m•434@a•1†@w•3@m•435@a•1†@w•4@m•436@a•1†@w•5@m•437@a•1†@w•6@m•438@a•1†@w•7@m•439@a•1†@w•8@m•440@a•1†@w•9@m•441@a•1†@w•10@m•442@a•1†@w•11@m•443@a•1†@w•12@m•444@a•1†@w•13@m•445@a•1†@w•14@m•446@a•1†@w•15@m•447@a•1†@w•16@m•448@a•1†@w•17@m•449@a•1†@w•18@m•450@a•1†@w•19@m•451@a•1†@w•20@m•452@a•1†@w•21@m•453@a•1†@w•22@m•454@a•1†@w•23@m•455@a•1†@w•24@m•456@a•1†@w•25@m•457@a•1†@w•26@m•458@a•1†@w•27@m•459@a•1†@w•28@m•460@a•1†@w•29@m•461@a•1†@w•30@m•462@a•1†@w•31@m•463@a•1†@w•32@m•464@a•1†@w•33@m•465@a•1†@w•34@m•466@a•1†@w•35@m•467@a•1†
    Armor: 4†e†
    Health: 20.0
    Hunger: 17
    EnderChest: 3†e†
  Creative:
    Location: world•-32•71•48
    Inventory: 4†e†
    Armor: 4†e†
    WalkSpeed: 0.20000000298023224
    FlySpeed: 0.20000000298023224
    Health: 20.0
    Hunger: 20
    EnderChest: 3†e†

