3ef7d8de-f819-4ab2-b4bc-deaefdac506f:
  Survival:
    Location: survival1•468•100000•504
    Inventory: 4†e†@w•0@m•468@a•1†@w•1@m•469@a•1†@w•2@m•470@a•1†@w•3@m•471@a•1†@w•4@m•472@a•1†@w•5@m•473@a•1†@w•6@m•474@a•1†@w•7@m•475@a•1†@w•8@m•476@a•1†@w•9@m•477@a•1†@w•10@m•478@a•1†@w•11@m•479@a•1†@w•12@m•480@a•1†@w•13@m•481@a•1†@w•14@m•482@a•1†@w•15@m•483@a•1†@w•16@m•484@a•1†@w•17@m•485@a•1†@w•18@m•486@a•1†@w•19@m•487@a•1†@w•20@m•488@a•1†@w•21@m•489@a•1†@w•22@m•490@a•1†@w•23@m•491@a•1†@w•24@m•492@a•1†@w•25@m•493@a•1†@w•26@m•494@a•1†@w•27@m•495@a•1†@w•28@m•496@a•1†@w•29@m•497@a•1†@w•30@m•498@a•1†@w•31@m•499@a•1†@w•32@m•500@a•1†@w•33@m•501@a•1†@w•34@m•502@a•1†@w•35@m•503@a•1†
    Armor: 4†e†
    Health: 20.0
    Hunger: 17
    EnderChest: 3†e†
  Creative:
    Location: world•-33•71•51
    Inventory: 4†e†
    Armor: 4†e†
    WalkSpeed: 0.20000000298023224
    FlySpeed: 0.20000000298023224
    Health: 20.0
    Hunger: 20
    EnderChest: 3†e†

