3ef7d8de-f819-4ab2-b4bc-deaefdac506f:
  Survival:
    Location: survival1•612•100000•648
    Inventory: 4†e†@w•0@m•612@a•1†@w•1@m•613@a•1†@w•2@m•614@a•1†@w•3@m•615@a•1†@w•4@m•616@a•1†@w•5@m•617@a•1†@w•6@m•618@a•1†@w•7@m•619@a•1†@w•8@m•620@a•1†@w•9@m•621@a•1†@w•10@m•622@a•1†@w•11@m•623@a•1†@w•12@m•624@a•1†@w•13@m•625@a•1†@w•14@m•626@a•1†@w•15@m•627@a•1†@w•16@m•628@a•1†@w•17@m•629@a•1†@w•18@m•630@a•1†@w•19@m•631@a•1†@w•20@m•632@a•1†@w•21@m•633@a•1†@w•22@m•634@a•1†@w•23@m•635@a•1†@w•24@m•636@a•1†@w•25@m•637@a•1†@w•26@m•638@a•1†@w•27@m•639@a•1†@w•28@m•640@a•1†@w•29@m•641@a•1†@w•30@m•642@a•1†@w•31@m•643@a•1†@w•32@m•644@a•1†@w•33@m•645@a•1†@w•34@m•646@a•1†@w•35@m•647@a•1†
    Armor: 4†e†
    Health: 20.0
    Hunger: 17
    EnderChest: 3†e†
  Creative:
    Location: world•-41•71•60
    Inventory: 4†e†@w•0@m•757@a•1†@w•1@m•756@a•1†@w•2@m•789@a•1†@w•3@m•789@a•1†@w•4@m•789@a•1†@w•5@m•787@a•1†@w•6@m•786@a•1†
    Armor: 4†e†
    WalkSpeed: 0.20000000298023224
    FlySpeed: 0.20000000298023224
    Health: 20.0
    Hunger: 20
    EnderChest: 3†e†

