3ef7d8de-f819-4ab2-b4bc-deaefdac506f:
  Survival:
    Location: survival1•756•100000•792
    Inventory: 4†e†@w•0@m•756@a•1†@w•1@m•757@a•1†@w•2@m•758@a•1†@w•3@m•759@a•1†@w•4@m•760@a•1†@w•5@m•761@a•1†@w•6@m•762@a•1†@w•7@m•763@a•1†@w•8@m•764@a•1†@w•9@m•765@a•1†@w•10@m•766@a•1†@w•11@m•767@a•1†@w•12@m•768@a•1†@w•13@m•769@a•1†@w•14@m•770@a•1†@w•15@m•771@a•1†@w•16@m•772@a•1†@w•17@m•773@a•1†@w•18@m•774@a•1†@w•19@m•775@a•1†@w•20@m•776@a•1†@w•21@m•777@a•1†@w•22@m•778@a•1†@w•23@m•779@a•1†@w•24@m•780@a•1†@w•25@m•781@a•1†@w•26@m•782@a•1†@w•27@m•783@a•1†@w•28@m•784@a•1†@w•29@m•785@a•1†@w•30@m•786@a•1†@w•31@m•787@a•1†@w•32@m•788@a•1†@w•33@m•789@a•1†@w•34@m•790@a•1†@w•35@m•791@a•1†
    Armor: 4†e†
    Health: 20.0
    Hunger: 17
    EnderChest: 3†e†
  Creative:
    Location: world•-32•71•48
    Inventory: 4†e†
    Armor: 4†e†
    WalkSpeed: 0.20000000298023224
    FlySpeed: 0.20000000298023224
    Health: 20.0
    Hunger: 20
    EnderChest: 3†e†

