3ef7d8de-f819-4ab2-b4bc-deaefdac506f:
  Survival:
    Location: survival1•828•100000•864
    Inventory: 4†e†@w•0@m•828@a•1†@w•1@m•829@a•1†@w•2@m•830@a•1†@w•3@m•831@a•1†@w•4@m•832@a•1†@w•5@m•833@a•1†@w•6@m•834@a•1†@w•7@m•835@a•1†@w•8@m•836@a•1†@w•9@m•837@a•1†@w•10@m•838@a•1†@w•11@m•839@a•1†@w•12@m•840@a•1†@w•13@m•841@a•1†@w•14@m•842@a•1†@w•15@m•843@a•1†@w•16@m•844@a•1†@w•17@m•845@a•1†@w•18@m•846@a•1†@w•19@m•847@a•1†@w•20@m•848@a•1†@w•21@m•849@a•1†@w•22@m•850@a•1†@w•23@m•851@a•1†@w•24@m•852@a•1†@w•25@m•853@a•1†@w•26@m•854@a•1†@w•27@m•855@a•1†@w•28@m•856@a•1†@w•29@m•857@a•1†@w•30@m•858@a•1†@w•31@m•859@a•1†@w•32@m•860@a•1†@w•33@m•861@a•1†@w•34@m•862@a•1†@w•35@m•863@a•1†
    Armor: 4†e†
    Health: 20.0
    Hunger: 17
    EnderChest: 3†e†
  Creative:
    Location: world•-32•71•48
    Inventory: 4†e†
    Armor: 4†e†
    WalkSpeed: 0.20000000298023224
    FlySpeed: 0.20000000298023224
    Health: 20.0
    Hunger: 20
    EnderChest: 3†e†

