3ef7d8de-f819-4ab2-b4bc-deaefdac506f:
  Survival:
    Location: survival1•864•100000•900
    Inventory: 4†e†@w•0@m•864@a•1†@w•1@m•865@a•1†@w•2@m•866@a•1†@w•3@m•867@a•1†@w•4@m•868@a•1†@w•5@m•869@a•1†@w•6@m•870@a•1†@w•7@m•871@a•1†@w•8@m•872@a•1†@w•9@m•873@a•1†@w•10@m•874@a•1†@w•11@m•875@a•1†@w•12@m•876@a•1†@w•13@m•877@a•1†@w•14@m•878@a•1†@w•15@m•879@a•1†@w•16@m•880@a•1†@w•17@m•881@a•1†@w•18@m•882@a•1†@w•19@m•883@a•1†@w•20@m•884@a•1†@w•21@m•885@a•1†@w•22@m•886@a•1†@w•23@m•887@a•1†@w•24@m•888@a•1†@w•25@m•889@a•1†@w•26@m•890@a•1†@w•27@m•891@a•1†@w•28@m•892@a•1†@w•29@m•893@a•1†@w•30@m•894@a•1†@w•31@m•895@a•1†@w•32@m•896@a•1†@w•33@m•897@a•1†@w•34@m•898@a•1†@w•35@m•899@a•1†
    Armor: 4†e†
    Health: 20.0
    Hunger: 17
    EnderChest: 3†e†
  Creative:
    Location: world•-32•71•48
    Inventory: 4†e†
    Armor: 4†e†
    WalkSpeed: 0.20000000298023224
    FlySpeed: 0.20000000298023224
    Health: 20.0
    Hunger: 20
    EnderChest: 3†e†

