3ef7d8de-f819-4ab2-b4bc-deaefdac506f:
  Survival:
    Location: survival1•900•100000•936
    Inventory: 4†e†@w•0@m•900@a•1†@w•1@m•901@a•1†@w•2@m•902@a•1†@w•3@m•903@a•1†@w•4@m•904@a•1†@w•5@m•905@a•1†@w•6@m•906@a•1†@w•7@m•907@a•1†@w•8@m•908@a•1†@w•9@m•909@a•1†@w•10@m•910@a•1†@w•11@m•911@a•1†@w•12@m•912@a•1†@w•13@m•913@a•1†@w•14@m•914@a•1†@w•15@m•915@a•1†@w•16@m•916@a•1†@w•17@m•917@a•1†@w•18@m•918@a•1†@w•19@m•919@a•1†@w•20@m•920@a•1†@w•21@m•921@a•1†@w•22@m•922@a•1†@w•23@m•923@a•1†@w•24@m•924@a•1†@w•25@m•925@a•1†@w•26@m•926@a•1†@w•27@m•927@a•1†@w•28@m•928@a•1†@w•29@m•929@a•1†@w•30@m•930@a•1†@w•31@m•931@a•1†@w•32@m•932@a•1†@w•33@m•933@a•1†@w•34@m•934@a•1†@w•35@m•935@a•1†
    Armor: 4†e†
    Health: 20.0
    Hunger: 17
    EnderChest: 3†e†
  Creative:
    Location: world•-32•71•48
    Inventory: 4†e†
    Armor: 4†e†
    WalkSpeed: 0.20000000298023224
    FlySpeed: 0.20000000298023224
    Health: 20.0
    Hunger: 20
    EnderChest: 3†e†

