3ef7d8de-f819-4ab2-b4bc-deaefdac506f:
  Survival:
    Location: survival1•972•100000•1008
    Inventory: 4†e†@w•0@m•972@a•1†@w•1@m•973@a•1†@w•2@m•974@a•1†@w•3@m•975@a•1†@w•4@m•976@a•1†@w•5@m•977@a•1†@w•6@m•978@a•1†@w•7@m•979@a•1†@w•8@m•980@a•1†@w•9@m•981@a•1†@w•10@m•982@a•1†@w•11@m•983@a•1†@w•12@m•984@a•1†@w•13@m•985@a•1†@w•14@m•986@a•1†@w•15@m•987@a•1†@w•16@m•988@a•1†@w•17@m•989@a•1†@w•18@m•990@a•1†@w•19@m•991@a•1†@w•20@m•992@a•1†@w•21@m•993@a•1†@w•22@m•994@a•1†@w•23@m•995@a•1†@w•24@m•996@a•1†@w•25@m•997@a•1†@w•26@m•998@a•1†@w•27@m•999@a•1†@w•28@m•1000@a•1†@w•29@m•1001@a•1†@w•30@m•1002@a•1†@w•31@m•1003@a•1†@w•32@m•1004@a•1†@w•33@m•1005@a•1†@w•34@m•1006@a•1†@w•35@m•1007@a•1†
    Armor: 4†e†
    Health: 20.0
    Hunger: 17
    EnderChest: 3†e†
  Creative:
    Location: world•-32•71•48
    Inventory: 4†e†
    Armor: 4†e†
    WalkSpeed: 0.20000000298023224
    FlySpeed: 0.20000000298023224
    Health: 20.0
    Hunger: 20
    EnderChest: 3†e†

