3ef7d8de-f819-4ab2-b4bc-deaefdac506f:
  Survival:
    Location: survival1•1187•97610•1224
    Inventory: 4†e†@w•0@m•755@a•1†@w•1@m•756@a•1†@w•2@m•756@a•1†@w•3@m•786@a•1†@w•4@m•758@a•1†@w•18@m•22@a•64†@w•24@m•22@a•64†@w•25@m•22@a•64†
    Armor: 4†e†@w•0@m•789@a•1†@w•1@m•788@a•1†@w•2@m•787@a•1†@w•3@m•786@a•1†
    Health: 20.0
    Hunger: 17
    EnderChest: 3†e†
  Creative:
    Location: world•-37•72•50
    Inventory: 4†e†
    Armor: 4†e†
    WalkSpeed: 0.20000000298023224
    FlySpeed: 0.20000000298023224
    Health: 20.0
    Hunger: 20
    EnderChest: 3†e†
3ef7d8de-f819-4ab2-b4bc-deaefdac506f:
  Survival:
    Location: survival1•1187•97610•1224
    Inventory: 4†e†@w•0@m•755@a•1†@w•1@m•756@a•1†@w•2@m•756@a•1†@w•3@m•786@a•1†@w•4@m•758@a•1†@w•18@m•22@a•64†@w•24@m•22@a•64†@w•25@m•22@a•64†
    Armor: 4†e†@w•0@m•789@a•1†@w•1@m•788@a•1†@w•2@m•787@a•1†@w•3@m•786@a•1†
    Health: 20.0
    Hunger: 17
    EnderChest: 3†e†
  Creative:
    Location: world•-37•72•50
    Inventory: 4†e†
    Armor: 4†e†
    WalkSpeed: 0.20000000298023224
    FlySpeed: 0.20000000298023224
    Health: 20.0
    Hunger: 20
    EnderChest: 3†e†