3ef7d8de-f819-4ab2-b4bc-deaefdac506f:
  Survival:
    Location: survival1•1008•98095•1044
    Inventory: 4†e†@w•0@m•1042@a•1†@w•1@m•1043@a•1†@w•2@m•1044@a•1†@w•3@m•1045@a•1†@w•4@m•1046@a•1†@w•5@m•1047@a•1†@w•6@m•1048@a•1†@w•7@m•1049@a•1†@w•8@m•1050@a•1†@w•9@m•1051@a•1†@w•10@m•1052@a•1†@w•11@m•1053@a•1†@w•12@m•1054@a•1†@w•13@m•1055@a•1†@w•14@m•1056@a•1†@w•15@m•1057@a•1†@w•16@m•1058@a•1†@w•17@m•1059@a•1†@w•18@m•1060@a•1†@w•19@m•1061@a•1†@w•20@m•1062@a•1†@w•21@m•1063@a•1†@w•22@m•1064@a•1†@w•23@m•1065@a•1†@w•24@m•1066@a•1†@w•25@m•1067@a•1†@w•26@m•1068@a•1†@w•27@m•1069@a•1†@w•28@m•1070@a•1†@w•29@m•1071@a•1†@w•30@m•1072@a•1†@w•31@m•1073@a•1†@w•32@m•1074@a•1†@w•33@m•1075@a•1†@w•34@m•1076@a•1†@w•35@m•1077@a•1†
    Armor: 4†e†
    Health: 20.0
    Hunger: 17
    EnderChest: 3†e†
  Creative:
    Location: world•-40•73•53
    Inventory: 4†e†@w•0@m•755@a•1†@w•1@m•755@a•1†
    Armor: 4†e†
    WalkSpeed: 0.20000000298023224
    FlySpeed: 0.20000000298023224
    Health: 20.0
    Hunger: 20
    EnderChest: 3†e†
