3ef7d8de-f819-4ab2-b4bc-deaefdac506f:
  Survival:
    Location: survival1•1044•97029•1080
    Inventory: 4†e†@w•0@m•1078@a•1†@w•1@m•1079@a•1†@w•2@m•1080@a•1†@w•3@m•1081@a•1†@w•4@m•1082@a•1†@w•5@m•1083@a•1†@w•6@m•1084@a•1†@w•7@m•1085@a•1†@w•8@m•1086@a•1†@w•9@m•1087@a•1†@w•10@m•1088@a•1†@w•11@m•1089@a•1†@w•12@m•1090@a•1†@w•13@m•1091@a•1†@w•14@m•1092@a•1†@w•15@m•1093@a•1†@w•16@m•1094@a•1†@w•17@m•1095@a•1†@w•18@m•1096@a•1†@w•19@m•1097@a•1†@w•20@m•1098@a•1†@w•21@m•1099@a•1†@w•22@m•1100@a•1†@w•23@m•1101@a•1†@w•24@m•1102@a•1†@w•25@m•1103@a•1†@w•26@m•1104@a•1†@w•27@m•1105@a•1†@w•28@m•1106@a•1†@w•29@m•1107@a•1†@w•30@m•1108@a•1†@w•31@m•1109@a•1†@w•32@m•1110@a•1†@w•33@m•1111@a•1†@w•34@m•1112@a•1†@w•35@m•1113@a•1†
    Armor: 4†e†
    Health: 20.0
    Hunger: 17
    EnderChest: 3†e†
  Creative:
    Location: world•-40•73•53
    Inventory: 4†e†@w•0@m•755@a•1†@w•1@m•755@a•1†
    Armor: 4†e†
    WalkSpeed: 0.20000000298023224
    FlySpeed: 0.20000000298023224
    Health: 20.0
    Hunger: 20
    EnderChest: 3†e†
