3ef7d8de-f819-4ab2-b4bc-deaefdac506f:
  Survival:
    Location: survival1•1080•98213•1116
    Inventory: 4†e†@w•0@m•1114@a•1†@w•1@m•1115@a•1†@w•2@m•1116@a•1†@w•3@m•1117@a•1†@w•4@m•1118@a•1†@w•5@m•1119@a•1†@w•6@m•1120@a•1†@w•7@m•1121@a•1†@w•8@m•1122@a•1†@w•9@m•1123@a•1†@w•10@m•1124@a•1†@w•11@m•1125@a•1†@w•12@m•1126@a•1†@w•13@m•1127@a•1†@w•14@m•1128@a•1†@w•15@m•1129@a•1†@w•16@m•1130@a•1†@w•17@m•1131@a•1†@w•18@m•1132@a•1†@w•19@m•1133@a•1†@w•20@m•1134@a•1†@w•21@m•1135@a•1†@w•22@m•1136@a•1†@w•23@m•1137@a•1†@w•24@m•1138@a•1†@w•25@m•1139@a•1†@w•26@m•1140@a•1†@w•27@m•1141@a•1†@w•28@m•1142@a•1†@w•29@m•1143@a•1†@w•30@m•1144@a•1†@w•31@m•1145@a•1†@w•32@m•1146@a•1†@w•33@m•1147@a•1†@w•34@m•1148@a•1†@w•35@m•1149@a•1†
    Armor: 4†e†
    Health: 20.0
    Hunger: 17
    EnderChest: 3†e†
  Creative:
    Location: world•-40•73•53
    Inventory: 4†e†@w•0@m•755@a•1†@w•1@m•755@a•1†
    Armor: 4†e†
    WalkSpeed: 0.20000000298023224
    FlySpeed: 0.20000000298023224
    Health: 20.0
    Hunger: 20
    EnderChest: 3†e†
