3ef7d8de-f819-4ab2-b4bc-deaefdac506f:
  Survival:
    Location: survival1•1116•99212•1152
    Inventory: 4†e†@w•0@m•1150@a•1†@w•1@m•1151@a•1†@w•2@m•1152@a•1†@w•3@m•1153@a•1†@w•4@m•1154@a•1†@w•5@m•1155@a•1†@w•6@m•1156@a•1†@w•7@m•1157@a•1†@w•8@m•1158@a•1†@w•9@m•1159@a•1†@w•10@m•1160@a•1†@w•11@m•1161@a•1†@w•12@m•1162@a•1†@w•13@m•1163@a•1†@w•14@m•1164@a•1†@w•15@m•1165@a•1†@w•16@m•1166@a•1†@w•17@m•1167@a•1†@w•18@m•1168@a•1†@w•19@m•1169@a•1†@w•20@m•1170@a•1†@w•21@m•1171@a•1†@w•22@m•1172@a•1†@w•23@m•1173@a•1†@w•24@m•1174@a•1†@w•25@m•1175@a•1†@w•26@m•1176@a•1†@w•27@m•1177@a•1†@w•28@m•1178@a•1†@w•29@m•1179@a•1†@w•30@m•1180@a•1†@w•31@m•1181@a•1†@w•32@m•1182@a•1†@w•33@m•1183@a•1†@w•34@m•1184@a•1†@w•35@m•1185@a•1†
    Armor: 4†e†
    Health: 20.0
    Hunger: 17
    EnderChest: 3†e†
  Creative:
    Location: world•-40•73•53
    Inventory: 4†e†@w•0@m•755@a•1†@w•1@m•755@a•1†
    Armor: 4†e†
    WalkSpeed: 0.20000000298023224
    FlySpeed: 0.20000000298023224
    Health: 20.0
    Hunger: 20
    EnderChest: 3†e†
