3ef7d8de-f819-4ab2-b4bc-deaefdac506f:
  Survival:
    Location: survival1•126•66•5
    Inventory: 4†e†@w•0@m•148@a•1†@w•1@m•149@a•1†@w•2@m•150@a•1†@w•3@m•151@a•1†@w•4@m•152@a•1†@w•5@m•153@a•1†@w•6@m•154@a•1†@w•7@m•155@a•1†@w•8@m•156@a•1†@w•9@m•157@a•1†@w•10@m•158@a•1†@w•11@m•159@a•1†@w•12@m•160@a•1†@w•13@m•161@a•1†@w•14@m•162@a•1†@w•15@m•163@a•1†@w•16@m•164@a•1†@w•17@m•165@a•1†@w•18@m•166@a•1†@w•19@m•167@a•1†@w•20@m•168@a•1†@w•21@m•169@a•1†@w•22@m•170@a•1†@w•23@m•171@a•1†@w•24@m•172@a•1†@w•25@m•173@a•1†@w•26@m•174@a•1†@w•27@m•175@a•1†@w•28@m•176@a•1†@w•29@m•177@a•1†@w•30@m•178@a•1†@w•31@m•179@a•1†@w•32@m•180@a•1†@w•33@m•181@a•1†@w•34@m•182@a•1†@w•35@m•183@a•1†
    Armor: 4†e†
    Health: 17.5
    Hunger: 17
    EnderChest: 3†e†
  Creative:
    Location: world•-37•74•58
    Inventory: 4†e†@w•0@m•755@a•1†@w•1@m•15@a•1†
    Armor: 4†e†
    WalkSpeed: 0.20000000298023224
    FlySpeed: 0.20000000298023224
    Health: 20.0
    Hunger: 20
    EnderChest: 3†e†
