3ef7d8de-f819-4ab2-b4bc-deaefdac506f:
  Survival:
    Location: survival1•130•67•13
    Inventory: 4†e†@w•0@m•184@a•1†@w•1@m•185@a•1†@w•2@m•186@a•1†@w•3@m•187@a•1†@w•4@m•188@a•1†@w•5@m•189@a•1†@w•6@m•190@a•1†@w•7@m•191@a•1†@w•8@m•192@a•1†@w•9@m•193@a•1†@w•10@m•194@a•1†@w•11@m•195@a•1†@w•12@m•196@a•1†@w•13@m•197@a•1†@w•14@m•198@a•1†@w•15@m•199@a•1†@w•16@m•200@a•1†@w•17@m•201@a•1†@w•18@m•202@a•1†@w•19@m•203@a•1†@w•20@m•204@a•1†@w•21@m•205@a•1†@w•22@m•206@a•1†@w•23@m•207@a•1†@w•24@m•208@a•1†@w•25@m•209@a•1†@w•26@m•210@a•1†@w•27@m•211@a•1†@w•28@m•212@a•1†@w•29@m•213@a•1†@w•30@m•214@a•1†@w•31@m•215@a•1†@w•32@m•216@a•1†@w•33@m•217@a•1†@w•34@m•218@a•1†@w•35@m•219@a•1†
    Armor: 4†e†
    Health: 20.0
    Hunger: 17
    EnderChest: 3†e†
  Creative:
    Location: world•-37•74•58
    Inventory: 4†e†@w•0@m•755@a•1†@w•1@m•15@a•1†
    Armor: 4†e†
    WalkSpeed: 0.20000000298023224
    FlySpeed: 0.20000000298023224
    Health: 20.0
    Hunger: 20
    EnderChest: 3†e†
