3ef7d8de-f819-4ab2-b4bc-deaefdac506f:
  Survival:
    Location: survival1•125•65•-4
    Inventory: 4†e†@w•0@m•220@a•1†@w•1@m•221@a•1†@w•2@m•222@a•1†@w•3@m•223@a•1†@w•4@m•224@a•1†@w•5@m•227@a•1†@w•6@m•228@a•1†@w•7@m•229@a•1†@w•8@m•230@a•1†@w•9@m•231@a•1†@w•10@m•232@a•1†@w•11@m•233@a•1†@w•12@m•234@a•1†@w•13@m•235@a•1†@w•14@m•236@a•1†@w•15@m•237@a•1†@w•16@m•238@a•1†@w•17@m•239@a•1†@w•18@m•240@a•1†@w•19@m•241@a•1†@w•20@m•242@a•1†@w•21@m•243@a•1†@w•22@m•244@a•1†@w•23@m•245@a•1†@w•24@m•246@a•1†@w•25@m•247@a•1†@w•26@m•248@a•1†@w•27@m•249@a•1†@w•28@m•250@a•1†@w•29@m•251@a•1†@w•30@m•253@a•1†@w•31@m•254@a•1†@w•32@m•255@a•1†@w•33@m•256@a•1†@w•34@m•257@a•1†@w•35@m•258@a•1†
    Armor: 4†e†
    Health: 20.0
    Hunger: 17
    EnderChest: 3†e†
  Creative:
    Location: world•-37•74•58
    Inventory: 4†e†@w•0@m•755@a•1†@w•1@m•15@a•1†
    Armor: 4†e†
    WalkSpeed: 0.20000000298023224
    FlySpeed: 0.20000000298023224
    Health: 20.0
    Hunger: 20
    EnderChest: 3†e†
