3ef7d8de-f819-4ab2-b4bc-deaefdac506f:
  Survival:
    Location: survival1•324•50•360
    Inventory: 4†e†@w•0@m•332@a•1†@w•1@m•333@a•1†@w•2@m•334@a•1†@w•3@m•335@a•1†@w•4@m•336@a•1†@w•5@m•337@a•1†@w•6@m•338@a•1†@w•7@m•339@a•1†@w•8@m•340@a•1†@w•9@m•341@a•1†@w•10@m•342@a•1†@w•11@m•343@a•1†@w•12@m•344@a•1†@w•13@m•345@a•1†@w•14@m•346@a•1†@w•15@m•347@a•1†@w•16@m•348@a•1†@w•17@m•349@a•1†@w•18@m•350@a•1†@w•19@m•351@a•1†@w•20@m•352@a•1†@w•21@m•355@a•1†@w•22@m•356@a•1†@w•23@m•357@a•1†@w•24@m•358@a•1†@w•25@m•359@a•1†@w•26@m•360@a•1†@w•27@m•361@a•1†@w•28@m•362@a•1†@w•29@m•363@a•1†@w•30@m•364@a•1†@w•31@m•365@a•1†@w•32@m•366@a•1†@w•33@m•367@a•1†@w•34@m•368@a•1†@w•35@m•369@a•1†
    Armor: 4†e†
    Health: 20.0
    Hunger: 17
    EnderChest: 3†e†
  Creative:
    Location: world•-37•74•58
    Inventory: 4†e†@w•0@m•755@a•1†@w•1@m•15@a•1†
    Armor: 4†e†
    WalkSpeed: 0.20000000298023224
    FlySpeed: 0.20000000298023224
    Health: 20.0
    Hunger: 20
    EnderChest: 3†e†
