3ef7d8de-f819-4ab2-b4bc-deaefdac506f:
  Survival:
    Location: survival1•360•55•396
    Inventory: 4†e†@w•0@m•370@a•1†@w•1@m•371@a•1†@w•2@m•372@a•1†@w•3@m•373@a•1†@w•4@m•374@a•1†@w•5@m•375@a•1†@w•6@m•376@a•1†@w•7@m•377@a•1†@w•8@m•378@a•1†@w•9@m•379@a•1†@w•10@m•380@a•1†@w•11@m•381@a•1†@w•12@m•382@a•1†@w•13@m•383@a•1†@w•14@m•384@a•1†@w•15@m•385@a•1†@w•16@m•386@a•1†@w•17@m•387@a•1†@w•18@m•388@a•1†@w•19@m•389@a•1†@w•20@m•390@a•1†@w•21@m•391@a•1†@w•22@m•392@a•1†@w•23@m•393@a•1†@w•24@m•394@a•1†@w•25@m•395@a•1†@w•26@m•396@a•1†@w•27@m•397@a•1†@w•28@m•398@a•1†@w•29@m•399@a•1†@w•30@m•400@a•1†@w•31@m•401@a•1†@w•32@m•402@a•1†@w•33@m•403@a•1†@w•34@m•404@a•1†@w•35@m•405@a•1†
    Armor: 4†e†
    Health: 12.0
    Hunger: 17
    EnderChest: 3†e†
  Creative:
    Location: world•-40•73•52
    Inventory: 4†e†@w•0@m•755@a•1†@w•1@m•15@a•1†
    Armor: 4†e†
    WalkSpeed: 0.20000000298023224
    FlySpeed: 0.20000000298023224
    Health: 20.0
    Hunger: 20
    EnderChest: 3†e†
