3ef7d8de-f819-4ab2-b4bc-deaefdac506f:
  Survival:
    Location: survival1•119•65•-4
    Inventory: 4†e†@w•0@m•74@a•1†@w•1@m•75@a•1†@w•2@m•76@a•1†@w•3@m•77@a•1†@w•4@m•78@a•1†@w•5@m•79@a•1†@w•6@m•80@a•1†@w•7@m•81@a•1†@w•8@m•82@a•1†@w•9@m•83@a•1†@w•10@m•84@a•1†@w•11@m•85@a•1†@w•12@m•86@a•1†@w•13@m•87@a•1†@w•14@m•88@a•1†@w•15@m•89@a•1†@w•16@m•90@a•1†@w•17@m•91@a•1†@w•18@m•92@a•1†@w•19@m•93@a•1†@w•20@m•94@a•1†@w•21@m•95@a•1†@w•22@m•96@a•1†@w•23@m•97@a•1†@w•24@m•98@a•1†@w•25@m•99@a•1†@w•26@m•100@a•1†@w•27@m•101@a•1†@w•28@m•102@a•1†@w•29@m•103@a•1†@w•30@m•104@a•1†@w•31@m•105@a•1†@w•32@m•106@a•1†@w•33@m•107@a•1†@w•34@m•108@a•1†@w•35@m•109@a•1†
    Armor: 4†e†
    Health: 20.0
    Hunger: 17
    EnderChest: 3†e†
  Creative:
    Location: world•-36•74•56
    Inventory: 4†e†@w•0@m•755@a•1†@w•1@m•15@a•1†
    Armor: 4†e†
    WalkSpeed: 0.20000000298023224
    FlySpeed: 0.20000000298023224
    Health: 20.0
    Hunger: 20
    EnderChest: 3†e†
