3ef7d8de-f819-4ab2-b4bc-deaefdac506f:
  Survival:
    Location: survival1•432•99507•468
    Inventory: 4†e†@w•0@m•442@a•1†@w•1@m•443@a•1†@w•2@m•444@a•1†@w•3@m•445@a•1†@w•4@m•446@a•1†@w•5@m•447@a•1†@w•6@m•448@a•1†@w•7@m•449@a•1†@w•8@m•450@a•1†@w•9@m•451@a•1†@w•10@m•452@a•1†@w•11@m•453@a•1†@w•12@m•454@a•1†@w•13@m•455@a•1†@w•14@m•456@a•1†@w•15@m•457@a•1†@w•16@m•458@a•1†@w•17@m•459@a•1†@w•18@m•460@a•1†@w•19@m•461@a•1†@w•20@m•462@a•1†@w•21@m•463@a•1†@w•22@m•464@a•1†@w•23@m•465@a•1†@w•24@m•466@a•1†@w•25@m•467@a•1†@w•26@m•468@a•1†@w•27@m•469@a•1†@w•28@m•470@a•1†@w•29@m•471@a•1†@w•30@m•472@a•1†@w•31@m•473@a•1†@w•32@m•474@a•1†@w•33@m•475@a•1†@w•34@m•476@a•1†@w•35@m•477@a•1†
    Armor: 4†e†
    Health: 20.0
    Hunger: 17
    EnderChest: 3†e†
  Creative:
    Location: world•-40•73•52
    Inventory: 4†e†@w•0@m•755@a•1†@w•1@m•15@a•1†
    Armor: 4†e†
    WalkSpeed: 0.20000000298023224
    FlySpeed: 0.20000000298023224
    Health: 20.0
    Hunger: 20
    EnderChest: 3†e†
