3ef7d8de-f819-4ab2-b4bc-deaefdac506f:
  Survival:
    Location: survival1•504•96871•540
    Inventory: 4†e†@w•0@m•514@a•1†@w•1@m•515@a•1†@w•2@m•516@a•1†@w•3@m•517@a•1†@w•4@m•518@a•1†@w•5@m•519@a•1†@w•6@m•520@a•1†@w•7@m•521@a•1†@w•8@m•522@a•1†@w•9@m•523@a•1†@w•10@m•524@a•1†@w•11@m•525@a•1†@w•12@m•526@a•1†@w•13@m•527@a•1†@w•14@m•528@a•1†@w•15@m•529@a•1†@w•16@m•530@a•1†@w•17@m•531@a•1†@w•18@m•532@a•1†@w•19@m•533@a•1†@w•20@m•534@a•1†@w•21@m•535@a•1†@w•22@m•536@a•1†@w•23@m•537@a•1†@w•24@m•538@a•1†@w•25@m•539@a•1†@w•26@m•540@a•1†@w•27@m•541@a•1†@w•28@m•542@a•1†@w•29@m•543@a•1†@w•30@m•544@a•1†@w•31@m•545@a•1†@w•32@m•546@a•1†@w•33@m•547@a•1†@w•34@m•548@a•1†@w•35@m•549@a•1†
    Armor: 4†e†
    Health: 20.0
    Hunger: 17
    EnderChest: 3†e†
  Creative:
    Location: world•-40•73•52
    Inventory: 4†e†@w•0@m•755@a•1†@w•1@m•15@a•1†
    Armor: 4†e†
    WalkSpeed: 0.20000000298023224
    FlySpeed: 0.20000000298023224
    Health: 20.0
    Hunger: 20
    EnderChest: 3†e†
