3ef7d8de-f819-4ab2-b4bc-deaefdac506f:
  Survival:
    Location: survival1•540•99455•576
    Inventory: 4†e†@w•0@m•550@a•1†@w•1@m•551@a•1†@w•2@m•552@a•1†@w•3@m•553@a•1†@w•4@m•554@a•1†@w•5@m•555@a•1†@w•6@m•556@a•1†@w•7@m•557@a•1†@w•8@m•558@a•1†@w•9@m•559@a•1†@w•10@m•560@a•1†@w•11@m•561@a•1†@w•12@m•562@a•1†@w•13@m•563@a•1†@w•14@m•564@a•1†@w•15@m•565@a•1†@w•16@m•566@a•1†@w•17@m•567@a•1†@w•18@m•568@a•1†@w•19@m•569@a•1†@w•20@m•570@a•1†@w•21@m•571@a•1†@w•22@m•572@a•1†@w•23@m•573@a•1†@w•24@m•574@a•1†@w•25@m•575@a•1†@w•26@m•576@a•1†@w•27@m•577@a•1†@w•28@m•578@a•1†@w•29@m•579@a•1†@w•30@m•580@a•1†@w•31@m•581@a•1†@w•32@m•582@a•1†@w•33@m•583@a•1†@w•34@m•584@a•1†@w•35@m•585@a•1†
    Armor: 4†e†
    Health: 20.0
    Hunger: 17
    EnderChest: 3†e†
  Creative:
    Location: world•-40•73•52
    Inventory: 4†e†@w•0@m•755@a•1†@w•1@m•15@a•1†
    Armor: 4†e†
    WalkSpeed: 0.20000000298023224
    FlySpeed: 0.20000000298023224
    Health: 20.0
    Hunger: 20
    EnderChest: 3†e†
