3ef7d8de-f819-4ab2-b4bc-deaefdac506f:
  Survival:
    Location: survival1•648•97409•684
    Inventory: 4†e†@w•0@m•659@a•1†@w•1@m•660@a•1†@w•2@m•661@a•1†@w•3@m•662@a•1†@w•4@m•663@a•1†@w•5@m•664@a•1†@w•6@m•666@a•1†@w•7@m•667@a•1†@w•8@m•668@a•1†@w•9@m•669@a•1†@w•10@m•670@a•1†@w•11@m•671@a•1†@w•12@m•672@a•1†@w•13@m•673@a•1†@w•14@m•674@a•1†@w•15@m•675@a•1†@w•16@m•677@a•1†@w•17@m•678@a•1†@w•18@m•679@a•1†@w•19@m•680@a•1†@w•20@m•681@a•1†@w•21@m•682@a•1†@w•22@m•683@a•1†@w•23@m•684@a•1†@w•24@m•685@a•1†@w•25@m•686@a•1†@w•26@m•688@a•1†@w•27@m•689@a•1†@w•28@m•690@a•1†@w•29@m•691@a•1†@w•30@m•692@a•1†@w•31@m•693@a•1†@w•32@m•694@a•1†@w•33@m•695@a•1†@w•34@m•696@a•1†@w•35@m•698@a•1†
    Armor: 4†e†
    Health: 20.0
    Hunger: 17
    EnderChest: 3†e†
  Creative:
    Location: world•-40•73•52
    Inventory: 4†e†@w•0@m•755@a•1†@w•1@m•15@a•1†
    Armor: 4†e†
    WalkSpeed: 0.20000000298023224
    FlySpeed: 0.20000000298023224
    Health: 20.0
    Hunger: 20
    EnderChest: 3†e†
