3ef7d8de-f819-4ab2-b4bc-deaefdac506f:
  Survival:
    Location: survival1•684•99623•720
    Inventory: 4†e†@w•0@m•699@a•1†@w•1@m•700@a•1†@w•2@m•701@a•1†@w•3@m•702@a•1†@w•4@m•703@a•1†@w•5@m•704@a•1†@w•6@m•705@a•1†@w•7@m•706@a•1†@w•8@m•707@a•1†@w•9@m•708@a•1†@w•10@m•709@a•1†@w•11@m•710@a•1†@w•12@m•711@a•1†@w•13@m•712@a•1†@w•14@m•713@a•1†@w•15@m•714@a•1†@w•16@m•715@a•1†@w•17@m•716@a•1†@w•18@m•717@a•1†@w•19@m•718@a•1†@w•20@m•719@a•1†@w•21@m•720@a•1†@w•22@m•721@a•1†@w•23@m•722@a•1†@w•24@m•723@a•1†@w•25@m•724@a•1†@w•26@m•725@a•1†@w•27@m•726@a•1†@w•28@m•729@a•1†@w•29@m•730@a•1†@w•30@m•731@a•1†@w•31@m•732@a•1†@w•32@m•733@a•1†@w•33@m•734@a•1†@w•34@m•735@a•1†@w•35@m•736@a•1†
    Armor: 4†e†
    Health: 20.0
    Hunger: 17
    EnderChest: 3†e†
  Creative:
    Location: world•-40•73•52
    Inventory: 4†e†@w•0@m•755@a•1†@w•1@m•15@a•1†
    Armor: 4†e†
    WalkSpeed: 0.20000000298023224
    FlySpeed: 0.20000000298023224
    Health: 20.0
    Hunger: 20
    EnderChest: 3†e†
