3ef7d8de-f819-4ab2-b4bc-deaefdac506f:
  Survival:
    Location: survival1•720•96626•756
    Inventory: 4†e†@w•0@m•737@a•1†@w•1@m•738@a•1†@w•2@m•739@a•1†@w•3@m•740@a•1†@w•4@m•741@a•1†@w•5@m•742@a•1†@w•6@m•743@a•1†@w•7@m•744@a•1†@w•8@m•745@a•1†@w•9@m•746@a•1†@w•10@m•747@a•1†@w•11@m•748@a•1†@w•12@m•749@a•1†@w•13@m•750@a•1†@w•14@m•751@a•1†@w•15@m•752@a•1†@w•16@m•753@a•1†@w•17@m•754@a•1†@w•18@m•755@a•1†@w•19@m•756@a•1†@w•20@m•757@a•1†@w•21@m•758@a•1†@w•22@m•759@a•1†@w•23@m•760@a•1†@w•24@m•761@a•1†@w•25@m•762@a•1†@w•26@m•763@a•1†@w•27@m•764@a•1†@w•28@m•765@a•1†@w•29@m•766@a•1†@w•30@m•767@a•1†@w•31@m•768@a•1†@w•32@m•769@a•1†@w•33@m•770@a•1†@w•34@m•771@a•1†@w•35@m•772@a•1†
    Armor: 4†e†
    Health: 20.0
    Hunger: 17
    EnderChest: 3†e†
  Creative:
    Location: world•-40•73•53
    Inventory: 4†e†@w•0@m•755@a•1†@w•1@m•755@a•1†
    Armor: 4†e†
    WalkSpeed: 0.20000000298023224
    FlySpeed: 0.20000000298023224
    Health: 20.0
    Hunger: 20
    EnderChest: 3†e†
