3ef7d8de-f819-4ab2-b4bc-deaefdac506f:
  Survival:
    Location: survival1•756•98356•792
    Inventory: 4†e†@w•0@m•773@a•1†@w•1@m•774@a•1†@w•2@m•775@a•1†@w•3@m•776@a•1†@w•4@m•777@a•1†@w•5@m•778@a•1†@w•6@m•779@a•1†@w•7@m•780@a•1†@w•8@m•781@a•1†@w•9@m•782@a•1†@w•10@m•783@a•1†@w•11@m•784@a•1†@w•12@m•785@a•1†@w•13@m•786@a•1†@w•14@m•787@a•1†@w•15@m•788@a•1†@w•16@m•789@a•1†@w•17@m•790@a•1†@w•18@m•791@a•1†@w•19@m•792@a•1†@w•20@m•793@a•1†@w•21@m•794@a•1†@w•22@m•795@a•1†@w•23@m•796@a•1†@w•24@m•797@a•1†@w•25@m•798@a•1†@w•26@m•799@a•1†@w•27@m•800@a•1†@w•28@m•801@a•1†@w•29@m•802@a•1†@w•30@m•803@a•1†@w•31@m•804@a•1†@w•32@m•805@a•1†@w•33@m•806@a•1†@w•34@m•807@a•1†@w•35@m•808@a•1†
    Armor: 4†e†
    Health: 20.0
    Hunger: 17
    EnderChest: 3†e†
  Creative:
    Location: world•-40•73•53
    Inventory: 4†e†@w•0@m•755@a•1†@w•1@m•755@a•1†
    Armor: 4†e†
    WalkSpeed: 0.20000000298023224
    FlySpeed: 0.20000000298023224
    Health: 20.0
    Hunger: 20
    EnderChest: 3†e†
