3ef7d8de-f819-4ab2-b4bc-deaefdac506f:
  Survival:
    Location: survival1•789•96304•828
    Inventory: 4†e†@w•0@m•809@a•1†@w•1@m•810@a•1†@w•2@m•811@a•1†@w•3@m•812@a•1†@w•4@m•813@a•1†@w•5@m•814@a•1†@w•6@m•815@a•1†@w•7@m•816@a•1†@w•8@m•817@a•1†@w•9@m•818@a•1†@w•10@m•819@a•1†@w•11@m•820@a•1†@w•12@m•821@a•1†@w•13@m•822@a•1†@w•14@m•823@a•1†@w•15@m•824@a•1†@w•16@m•825@a•1†@w•17@m•826@a•1†@w•18@m•827@a•1†@w•19@m•829@a•1†@w•20@m•830@a•1†@w•21@m•841@a•1†@w•22@m•842@a•1†@w•23@m•843@a•1†@w•24@m•844@a•1†@w•25@m•845@a•1†@w•26@m•846@a•1†@w•27@m•847@a•1†@w•28@m•848@a•1†@w•29@m•849@a•1†@w•30@m•850@a•1†@w•31@m•851@a•1†@w•32@m•852@a•1†@w•33@m•853@a•1†@w•34@m•854@a•1†@w•35@m•855@a•1†
    Armor: 4†e†
    Health: 20.0
    Hunger: 17
    EnderChest: 3†e†
  Creative:
    Location: world•-40•73•53
    Inventory: 4†e†@w•0@m•755@a•1†@w•1@m•755@a•1†
    Armor: 4†e†
    WalkSpeed: 0.20000000298023224
    FlySpeed: 0.20000000298023224
    Health: 20.0
    Hunger: 20
    EnderChest: 3†e†
