3ef7d8de-f819-4ab2-b4bc-deaefdac506f:
  Survival:
    Location: survival1•828•95513•864
    Inventory: 4†e†@w•0@m•856@a•1†@w•1@m•857@a•1†@w•2@m•858@a•1†@w•3@m•859@a•1†@w•4@m•860@a•1†@w•5@m•861@a•1†@w•6@m•862@a•1†@w•7@m•863@a•1†@w•8@m•864@a•1†@w•9@m•865@a•1†@w•10@m•866@a•1†@w•11@m•867@a•1†@w•12@m•868@a•1†@w•13@m•869@a•1†@w•14@m•870@a•1†@w•15@m•871@a•1†@w•16@m•872@a•1†@w•17@m•873@a•1†@w•18@m•874@a•1†@w•19@m•875@a•1†@w•20@m•876@a•1†@w•21@m•877@a•1†@w•22@m•878@a•1†@w•23@m•879@a•1†@w•24@m•880@a•1†@w•25@m•881@a•1†@w•26@m•882@a•1†@w•27@m•883@a•1†@w•28@m•884@a•1†@w•29@m•885@a•1†@w•30@m•886@a•1†@w•31@m•887@a•1†@w•32@m•888@a•1†@w•33@m•889@a•1†@w•34@m•890@a•1†@w•35@m•891@a•1†
    Armor: 4†e†
    Health: 20.0
    Hunger: 17
    EnderChest: 3†e†
  Creative:
    Location: world•-40•73•53
    Inventory: 4†e†@w•0@m•755@a•1†@w•1@m•755@a•1†
    Armor: 4†e†
    WalkSpeed: 0.20000000298023224
    FlySpeed: 0.20000000298023224
    Health: 20.0
    Hunger: 20
    EnderChest: 3†e†
