3ef7d8de-f819-4ab2-b4bc-deaefdac506f:
  Survival:
    Location: survival1•900•97436•936
    Inventory: 4†e†@w•0@m•928@a•1†@w•1@m•929@a•1†@w•2@m•930@a•1†@w•3@m•931@a•1†@w•4@m•932@a•1†@w•5@m•933@a•1†@w•6@m•934@a•1†@w•7@m•935@a•1†@w•8@m•936@a•1†@w•9@m•937@a•1†@w•10@m•938@a•1†@w•11@m•939@a•1†@w•12@m•940@a•1†@w•13@m•941@a•1†@w•14@m•942@a•1†@w•15@m•943@a•1†@w•16@m•944@a•1†@w•17@m•945@a•1†@w•18@m•947@a•1†@w•19@m•948@a•1†@w•20@m•949@a•1†@w•21@m•950@a•1†@w•22@m•951@a•1†@w•23@m•952@a•1†@w•24@m•953@a•1†@w•25@m•954@a•1†@w•26@m•955@a•1†@w•27@m•957@a•1†@w•28@m•958@a•1†@w•29@m•959@a•1†@w•30@m•960@a•1†@w•31@m•961@a•1†@w•32@m•962@a•1†@w•33@m•963@a•1†@w•34@m•964@a•1†@w•35@m•965@a•1†
    Armor: 4†e†
    Health: 20.0
    Hunger: 17
    EnderChest: 3†e†
  Creative:
    Location: world•-40•73•53
    Inventory: 4†e†@w•0@m•755@a•1†@w•1@m•755@a•1†
    Armor: 4†e†
    WalkSpeed: 0.20000000298023224
    FlySpeed: 0.20000000298023224
    Health: 20.0
    Hunger: 20
    EnderChest: 3†e†
