3ef7d8de-f819-4ab2-b4bc-deaefdac506f:
  Survival:
    Location: survival1•972•98142•1008
    Inventory: 4†e†@w•0@m•1004@a•1†@w•1@m•1005@a•1†@w•2@m•1006@a•1†@w•3@m•1007@a•1†@w•4@m•1009@a•1†@w•5@m•1010@a•1†@w•6@m•1011@a•1†@w•7@m•1012@a•1†@w•8@m•1013@a•1†@w•9@m•1014@a•1†@w•10@m•1015@a•1†@w•11@m•1016@a•1†@w•12@m•1017@a•1†@w•13@m•1018@a•1†@w•14@m•1019@a•1†@w•15@m•1020@a•1†@w•16@m•1021@a•1†@w•17@m•1022@a•1†@w•18@m•1023@a•1†@w•19@m•1024@a•1†@w•20@m•1025@a•1†@w•21@m•1026@a•1†@w•22@m•1027@a•1†@w•23@m•1028@a•1†@w•24@m•1029@a•1†@w•25@m•1030@a•1†@w•26@m•1031@a•1†@w•27@m•1032@a•1†@w•28@m•1033@a•1†@w•29@m•1034@a•1†@w•30@m•1036@a•1†@w•31@m•1037@a•1†@w•32@m•1038@a•1†@w•33@m•1039@a•1†@w•34@m•1040@a•1†@w•35@m•1041@a•1†
    Armor: 4†e†
    Health: 20.0
    Hunger: 17
    EnderChest: 3†e†
  Creative:
    Location: world•-40•73•53
    Inventory: 4†e†@w•0@m•755@a•1†@w•1@m•755@a•1†
    Armor: 4†e†
    WalkSpeed: 0.20000000298023224
    FlySpeed: 0.20000000298023224
    Health: 20.0
    Hunger: 20
    EnderChest: 3†e†
